%YAML:1.0
---
model_type: KANNALA_BRANDT
camera_name: camera
image_width: 848
image_height: 800
projection_parameters:
   k2: -0.00183272804133594
   k3: 0.0358995795249939
   k4: 0.0341061502695084
   k5: 0.00516797881573439
   mu: 285.089904785156
   mv: 285.195495605469
   u0: 426.08349609375
   v0: 401.717895507812

# model_type: MEI
# camera_name: camera
# image_width: 848
# image_height: 800
# mirror_parameters:
#    xi: 0.8954395763
# distortion_parameters:
#    k1: -0.2753013587
#    k2: -0.0064462491
#    p1: -0.0001127034
#    p2: -0.0028216737
# projection_parameters:
#    gamma1: 544.7199244569
#    gamma2: 544.1456419537
#    u0: 423.8803424969
#    v0: 400.1832609887