%YAML:1.0
---
model_type: KANNALA_BRANDT
camera_name: camera
image_width: 848
image_height: 800
projection_parameters:
   k2: -0.00290946802124381
   k3: 0.0389141514897346  
   k4: -0.0371716395020485 
   k5: 0.00610170513391495 
   mu: 284.658813476562
   mv: 284.764892578125
   u0: 420.405487060547
   v0: 401.207794189453

# model_type: MEI
# camera_name: camera
# image_width: 848
# image_height: 800
# mirror_parameters:
#    xi: 0.8823436178
# distortion_parameters:
#    k1: -0.2676471052
#    k2: -0.0137268580
#    p1: 0.0013172142
#    p2: -0.0005137582
# projection_parameters:
#    gamma1: 540.8144529611
#    gamma2: 539.5835419902
#    u0: 419.2800992160
#    v0: 402.8491757795