%YAML:1.0
---
model_type: PINHOLE
camera_name: camera
image_width: 1024
image_height: 680
#   distortion_coeffs: [-0.03396543857402391, 0.06437872760623793, 0.004477976262947474, 0.00044776806039733793]
#   intrinsics: [721.10728717864, 720.1982612834529, 510.20463601834945, 352.54654619633175]
distortion_parameters:
   k1: -0.03396543857402391
   k2: 0.06437872760623793
   p1: 0.004477976262947474
   p2: 0.00044776806039733793
projection_parameters:
   fx: 721.10728717864
   fy: 720.1982612834529
   cx: 510.20463601834945
   cy: 352.54654619633175
