%YAML:1.0
---
model_type: KANNALA_BRANDT
camera_name: camera
image_width: 640
image_height: 480
# ppx和ppy是相机的光心 - u0 v0
# fx和fy是相机投影转移参数 - mu mv
#  intrinsics: [3.096001147157352, 1379.1898763183542, 1376.2989876891013, 323.9129385869879, 216.993007987697]
#   distortion_coeffs: [0.013013657744600582, 2.9200318973429114, 0.013174183860789716, -0.003594297777723187]
projection_parameters:
   k2: 0.013013657744600582
   k3: 2.9200318973429114
   k4: 0.013174183860789716
   k5: -0.003594297777723187
   mu: 1379.1898763183542
   mv: 1376.2989876891013
   u0: 323.9129385869879
   v0: 216.993007987697

# model_type: MEI
# camera_name: camera
# image_width: 848
# image_height: 800
# mirror_parameters:
#    xi: 0.8954395763
# distortion_parameters:
#    k1: -0.2753013587
#    k2: -0.0064462491
#    p1: -0.0001127034
#    p2: -0.0028216737
# projection_parameters:
#    gamma1: 544.7199244569
#    gamma2: 544.1456419537
#    u0: 423.8803424969
#    v0: 400.1832609887