%YAML:1.0
---
type: IMU
name: BMI055
Gyr:
   unit: " rad/s"
   avg-axis:
      gyr_n: 2.5726753648003466e-03
      gyr_w: 4.1701751421755547e-05
   x-axis:
      gyr_n: 2.0293198878885321e-03
      gyr_w: 2.6325174854630374e-05
   y-axis:
      gyr_n: 3.2909071598453904e-03
      gyr_w: 6.3674911055335991e-05
   z-axis:
      gyr_n: 2.3977990466671172e-03
      gyr_w: 3.5105168355300272e-05
Acc:
   unit: " m/s^2"
   avg-axis:
      acc_n: 2.0332145255286385e-02
      acc_w: 7.6256964118535562e-04
   x-axis:
      acc_n: 1.6644848618497497e-02
      acc_w: 5.7975162039837480e-04
   y-axis:
      acc_n: 2.2605702130416912e-02
      acc_w: 1.1462209847608780e-03
   z-axis:
      acc_n: 2.1745885016944740e-02
      acc_w: 5.6173631839681452e-04
