cam0:
  cam_overlaps: [1]
  camera_model: omni
  distortion_coeffs: [0.26251514138713067, -0.8542295909903589, 0.005012383463787277, 0.0003963320511238702]
  distortion_model: radtan
  intrinsics: [2.001096742981025, 840.3541786270555, 841.7395501100224, 426.05865129442844, 400.00487827975144]
  resolution: [848, 800]
  rostopic: /fisheye1
cam1:
  T_cn_cnm1:
  - [0.999976125385627, 0.0006192794219954934, -0.006882234501759631, -0.06379496064295974]
  - [-0.0006054794169046652, 0.9999978025376739, 0.0020070661398832994, -0.0006677061455735991]
  - [0.0068834623130676394, -0.002002851170620071, 0.9999743029367124, 9.150489662376387e-05]
  - [0.0, 0.0, 0.0, 1.0]
  cam_overlaps: [0]
  camera_model: omni
  distortion_coeffs: [0.3057722348408115, -0.9001536527726495, 0.004399425529691084, -0.0024782483420795706]
  distortion_model: radtan
  intrinsics: [2.0685299301598383, 858.0616614592365, 859.2884312738671, 420.5531333881858, 399.5995298375353]
  resolution: [848, 800]
  rostopic: /fisheye2
