%YAML:1.0
---
model_type: MEI
camera_name: camera
image_width: 848
image_height: 800
mirror_parameters:
   xi: 2.06852993
distortion_parameters:
   k1: 0.30577223
   k2: -0.90015365
   p1: 0.00439943
   p2: -0.00247825
projection_parameters:
   gamma1: 858.06166146
   gamma2: 859.28843127
   u0: 420.55313339
   v0: 399.59952984
