cam0:
  T_cam_imu:
  - [-0.9997099167857905, 0.024072549543842522, 0.0007711281409810034, -0.0012452098722284853]
  - [-0.024011771979697002, -0.9986567095582267, 0.045915261740878906, 0.000690339514786408]
  - [0.0018753897049956431, 0.04588342634108341, 0.9989450405806416, -0.0016224605600257795]
  - [0.0, 0.0, 0.0, 1.0]
  cam_overlaps: [1]
  camera_model: omni
  distortion_coeffs: [0.26251514138713067, -0.8542295909903589, 0.005012383463787277, 0.0003963320511238702]
  distortion_model: radtan
  intrinsics: [2.001096742981025, 840.3541786270555, 841.7395501100224, 426.05865129442844, 400.00487827975144]
  resolution: [848, 800]
  rostopic: /fisheye1
  timeshift_cam_imu: -0.0010001456112559057
cam1:
  T_cam_imu:
  - [-0.9997138259650503, 0.023137746771314575, -0.006075429916300102, -0.06502854711918307]
  - [-0.023402651406067516, -0.9985769994096042, 0.04791964270815778, 2.0129415511773124e-05]
  - [-0.004958032017589074, 0.048048110519123804, 0.9988327172224861, -0.0015408679734629901]
  - [0.0, 0.0, 0.0, 1.0]
  T_cn_cnm1:
  - [0.999976125385629, 0.0006192794219954933, -0.0068822345017596305, -0.06379496064295974]
  - [-0.0006054794169046651, 0.9999978025376759, 0.0020070661398832994, -0.0006677061455735991]
  - [0.006883462313067639, -0.002002851170620071, 0.9999743029367144, 9.150489662376387e-05]
  - [0.0, 0.0, 0.0, 1.0]
  cam_overlaps: [0]
  camera_model: omni
  distortion_coeffs: [0.3057722348408115, -0.9001536527726495, 0.004399425529691084, -0.0024782483420795706]
  distortion_model: radtan
  intrinsics: [2.0685299301598383, 858.0616614592365, 859.2884312738671, 420.5531333881858, 399.5995298375353]
  resolution: [848, 800]
  rostopic: /fisheye2
  timeshift_cam_imu: 0.004523984571216704
