cam0:
  T_cam_imu:
  - [0.9999999340526794, 0.0002966164766153577, 0.00020955500950929127, 0.0005562676729333899]
  - [-0.00029618791917417536, 0.999997870919556, -0.002042162841367418, 0.00017201560064427108]
  - [-0.00021016030249649986, 0.0020421006390300323, 0.9999978928265932, 0.0011258040996466514]
  - [0.0, 0.0, 0.0, 1.0]
  cam_overlaps: [1]
  camera_model: omni
  distortion_coeffs: [0.26251514138713067, -0.8542295909903589, 0.005012383463787277, 0.0003963320511238702]
  distortion_model: radtan
  intrinsics: [2.001096742981025, 840.3541786270555, 841.7395501100224, 426.05865129442844, 400.00487827975144]
  resolution: [848, 800]
  rostopic: /fisheye1
  timeshift_cam_imu: -1.2396458055692252
cam1:
  T_cam_imu:
  - [0.9999773223892872, 0.0009018332830371538, -0.006673934662657902, -0.0632463477727976]
  - [-0.0009020884509143933, 0.9999995924977891, -3.52233243895782e-05, -0.0004937681682648372]
  - [0.006673900177448497, 4.124300499008061e-05, 0.9999777284297067, 0.0012207645923267218]
  - [0.0, 0.0, 0.0, 1.0]
  T_cn_cnm1:
  - [0.999976125385629, 0.0006192794219954933, -0.0068822345017596305, -0.06379496064295974]
  - [-0.0006054794169046651, 0.9999978025376759, 0.0020070661398832994, -0.0006677061455735991]
  - [0.006883462313067639, -0.002002851170620071, 0.9999743029367144, 9.150489662376387e-05]
  - [0.0, 0.0, 0.0, 1.0]
  cam_overlaps: [0]
  camera_model: omni
  distortion_coeffs: [0.3057722348408115, -0.9001536527726495, 0.004399425529691084, -0.0024782483420795706]
  distortion_model: radtan
  intrinsics: [2.0685299301598383, 858.0616614592365, 859.2884312738671, 420.5531333881858, 399.5995298375353]
  resolution: [848, 800]
  rostopic: /fisheye2
  timeshift_cam_imu: -1.2399770351964645
