cam0:
  T_cam_imu:
  - [0.1210012497113601, 0.9912243236546262, -0.05322628827673462, -0.010678660512355866]
  - [0.9926009983014316, -0.12027549763452801, 0.01664520470790554, -0.007087315185208579]
  - [0.010097313468963365, -0.05484655745072456, -0.998443738723677, 0.0036960967022038617]
  - [0.0, 0.0, 0.0, 1.0]
  cam_overlaps: []
  camera_model: omni
  distortion_coeffs: [-1.2855595646432112, 50.51919240037724, 0.09758934062755266, 0.01863617534158195]
  distortion_model: radtan
  intrinsics: [3.8561555833141883, 5388.541168351158, 5476.543796744285, 679.228880887539, 319.915552894852]
  resolution: [1280, 720]
  rostopic: /usb_cam/image_raw
  timeshift_cam_imu: -0.16407895692954497
