%YAML:1.0
---
type: IMU
name: yesense_imu
Gyr:
   unit: " rad/s"
   avg-axis:
      gyr_n: 5.5615003707908009e-04
      gyr_w: 2.1248567802952673e-05
   x-axis:
      gyr_n: 5.1511621856858481e-04
      gyr_w: 1.7190411562792764e-05
   y-axis:
      gyr_n: 5.4451329298140828e-04
      gyr_w: 1.3110550503772396e-05
   z-axis:
      gyr_n: 6.0882059968724706e-04
      gyr_w: 3.3444741342292859e-05
Acc:
   unit: " m/s^2"
   avg-axis:
      acc_n: 1.1064727202063160e-02
      acc_w: 4.0436710671970218e-04
   x-axis:
      acc_n: 1.1870782244867605e-02
      acc_w: 3.7233966814429208e-04
   y-axis:
      acc_n: 1.0233550781655901e-02
      acc_w: 3.5126221982500767e-04
   z-axis:
      acc_n: 1.1089848579665971e-02
      acc_w: 4.8949943218980685e-04
